10290
10855
10624
10987
10697
10707
11030
10273
11104
11143
10525
10271
10668
10893
11142
10478
10977
10746
10708
10779
10460
10321
10492
10280
10356
10455
10638
11149
11106
11128
11122
10844
11061
10429
10686
10882
10365
11112
10217
10523
10487
10891
10696
10304
10524
10329
10958
10998
11066
10345
50004
50005
50006
50007
50008
50010
50013
50014
50015
50016
50020
50021
50022
50023
50025
50027
50029
50032
50033
50034
50035
50036
50038
50043
50047
50048
50049
50050
50051
50052
50053
50054
50055
50056
50058
50059
50060
50061
50064
50066
50067
50069
50073
50075
50076
50077
50080
50081
50083
50085
60001
60005
60006
60008
60010
60011
60012
60014
60015
60016
60017
60020
60021
60022
60028
60030
60033
60036
60037
60038
60042
60043
60045
60046
60048
60049
60051
60052
60053
60055
60056
60057
60060
60062
60065
60066
60068
60070
60072
60073
60074
60076
60077
60078
60079
60080
60084
60087
60089
70001
70004
70007
70010
70015
70017
70020
70021
70022
70026
70029
70033
70034
70037
70040
70046
70048
70049
70051
70052
70055
70057
70058
70060
70061
70065
70068
70069
70070
70072
70073
70074
70075
70076
70077
70079
70080
70081
70083
70086